19416148.594709147
--- 42.421875 seconds ---
19416148.594709147
BEGINT TIME:
2018-12-14 14:27:28

24
28
37
38
25
27
27
19
37
33
2
17
14
3
4
28
17
35
21
15
33
25
9
25
27
11
3
25
39
39
36
23
11
23
20
30
29
22
14
39
24
31
7
33
26
12
9
17
34
24
36
11
21
19
34
5
37
32
8
22
13
10
17
4
13
1
9
21
20
36
7
24
10
38
19
22
19
24
35
34
27
28
18
39
29
38
1
17
23
17
12
20
13
7
5
39
39
5
36
9
END TIME:
2018-12-15 21:08:01

[19416148.594709147, 19420423.594709147, 19424698.594709147, 19428973.594709147, 19433248.594709147, 19435974.39831864, 19441669.476759054, 19443843.559934236, 19449509.965070628, 19450348.594709147, 19454623.594709147, 19458898.594709147, 19463505.950520046, 19467780.950520046, 19472055.950520046, 19476330.950520046, 19479056.754129544, 19484751.832569953, 19489155.950520046, 19493430.950520046, 19497705.950520046, 19501980.950520046, 19506255.950520046, 19510530.950520046, 19514805.950520046, 19515375.950520046, 19519080.950520046, 19523355.950520046, 19524291.73654706, 19530057.926723808, 19535969.678857625, 19541833.594709147, 19549813.594709147, 19557793.594709147, 19557878.478720643, 19558133.01559309, 19558556.860620134, 19559149.441878207, 19559909.964064386, 19560837.41378534, 19561930.56621604, 19563187.993027788, 19564608.071468197, 19566105.950520046, 19570380.950520046, 19571477.278793186, 19578239.0842647, 19585942.505541407, 19593672.296022534, 19596740.38156039, 19601109.757028505, 19608890.38156039, 19610765.38156039, 19629065.38156039, 19647365.38156039, 19655915.38156039, 19658195.38156039, 19658882.29987222, 19661900.38156039, 19666175.38156039, 19669880.38156039, 19673585.38156039, 19674072.511544198, 19677290.38156039, 19681565.38156039, 19684058.805959582, 19685840.38156039, 19690115.38156039, 19691588.590399407, 19694390.38156039, 19694586.08537233, 19700138.590399407, 19702940.38156039, 19707215.38156039, 19709226.337803513, 19709947.791981272, 19714222.791981272, 19718497.791981272, 19722772.791981272, 19727047.791981272, 19731322.791981272, 19735597.791981272, 19739872.791981272, 19744147.791981272, 19748422.791981272, 19752697.791981272, 19770997.791981272, 19789297.791981272, 19807597.791981272, 19825897.791981272, 19844197.791981272, 19862497.791981272, 19880797.791981272, 19899097.791981272, 19917397.791981272, 19935697.791981272, 19953997.791981272, 19972297.791981272, 19990597.791981272, 20008897.791981272, 20010336.786851242, 20014611.786851242, 20018886.786851242, 20023161.786851242, 20023855.523848463, 20025750.51855385, 20027436.786851242, 20030025.51855385, 20031711.786851242, 20032405.523848463, 20035986.786851242, 20051796.786851242, 20070096.786851242, 20088396.786851242, 20106696.786851242, 20118951.786851242, 20123226.786851242, 20126166.396785997, 20129916.396785997, 20134191.396785997, 20138466.396785997, 20142741.396785997, 20147016.396785997, 20162976.396785997, 20170956.396785997, 20178936.396785997, 20186916.396785997, 20194896.396785997, 20202876.396785997, 20204083.31124814, 20207151.396785997, 20211426.396785997, 20213772.003271982, 20214978.917734127, 20218047.003271982, 20219662.828594133, 20223291.69569681, 20223937.828594133, 20225201.647446852, 20226109.18949455, 20227985.479198273, 20229476.647446852, 20231761.485251084, 20233751.647446852, 20234388.759418447, 20235254.625061896, 20238323.546375673, 20241597.941997956, 20242680.42550827, 20245664.405667283, 20248850.26166935, 20250137.533646833, 20253040.794081457, 20256142.3512736, 20257623.449958924, 20260449.933797747, 20263471.1694261, 20265135.925878324, 20267889.318678588, 20270833.964017466, 20272672.934096295, 20275356.683149703, 20278228.24022283, 20280232.64283402, 20282849.97507201, 20285651.73243291, 20287915.954371464, 20293102.37959614, 20295413.68126523, 20297907.060719546, 20300578.303528108, 20303032.138075422, 20305467.618562166, 20308077.789803702, 20309327.21821194, 20313047.597979512, 20315599.270898953, 20320088.666531496, 20323141.31129435, 20323877.29589993, 20330702.59429031, 20401952.594290305, 20406227.594290305, 20410502.594290305, 20412607.934096295, 20416882.934096295, 20424862.934096295, 20429137.934096295, 20437117.934096295, 20441392.934096295, 20449372.934096295, 20453647.934096295, 20461627.934096295, 20465902.934096295, 20473882.934096295, 20478157.934096295, 20482432.934096295, 20486707.934096295, 20490982.934096295, 20493920.507706735, 20495257.934096295, 20496397.934096295, 20500102.934096295, 20503807.934096295, 20504494.852408126, 20505694.852408126, 20509969.852408126, 20514244.852408126, 20518519.852408126, 20522794.852408126, 20523035.60020831, 20523042.104561705, 20523048.970064636, 20523056.227648553, 20523063.91188016, 20523072.06151155, 20523757.344218247, 20523783.320087675, 20523810.735818036, 20523839.714440394, 20523870.39340103, 20523902.926734414, 20523937.487640988, 20524958.59143131, 20525016.882081833, 20525078.39478382, 20525143.403779287, 20525212.215279188, 20525285.172251705, 20525362.660095695, 20525445.113395873, 20526636.870596394, 20526740.115221106, 20526849.044519786, 20526964.13971752, 20527085.937739756, 20527215.03948069, 20527352.11958358, 20527497.93806414, 20527653.354193557, 20528788.757428695, 20528949.314523082, 20529118.667949263, 20529297.55719382, 20529486.806562416, 20529687.337627124, 20529900.18391781, 20530126.50834086, 20530367.623930413, 20530625.0186941, 20531409.909065295, 20531639.78460021, 20531882.17823487, 20532138.133515194, 20532408.81236786, 20532695.51223182, 20532999.686225373, 20533322.966988925, 20533667.195000615, 20534034.452363696, 20534495.106968965, 20534805.888453845, 20535133.474452782, 20535479.25209936, 20535844.763860304, 20536231.729647774, 20536642.072770353, 20537077.950511914, 20537541.790315554, 20538036.33278858, 20538038.30731361, 20538441.104653493, 20538865.506681968, 20539313.27680732, 20539786.373002697, 20540286.974984523, 20540817.515998553, 20541380.720133234, 20541979.646291245, 20542617.740215708, 20543298.89630346, 20543631.634993218, 20544224.349867653, 20544851.160787553, 20545515.03948069, 20546219.30593955, 20546967.679747317, 20547764.340503342, 20548613.999224737, 20549148.504776224, 20549913.243582267, 20550722.651289318, 20551580.659989554, 20552491.66421894, 20553460.58880464, 20554492.968559984, 20554547.85530665, 20555461.345400024, 20556427.48236233, 20557450.814252514, 20558536.410705466, 20559689.936953437, 20560917.740215708, 20561482.877506632, 20562615.926565368, 20563815.03948069, 20565085.948231496, 20566435.039057117, 20567869.443757366, 20567964.663753565, 20569273.77944177, 20570658.001499485, 20572123.700116474, 20573677.950511914, 20575328.62728798, 20576474.173876215, 20577963.91188016, 20579632.652483363, 20581400.316492755, 20583275.468243573, 20585267.623930413, 20585716.670500774, 20587595.51223182, 20589583.54686184, 20591689.96678636, 20593924.947148312, 20595994.852408126, 20598208.975325584, 20600552.11958358, 20603035.039057117, 20604813.243582267, 20607258.001499485, 20609842.072770353, 20612576.706895832, 20615474.271560658, 20616712.215279188, 20619540.253769737, 20622529.147477046, 20623457.41365711, 20623638.133515194, 20626553.50354309, 20629627.48236233, 20632872.06151155, 20633610.735818036, 20636764.13971752, 20640085.06195565, 20643585.745168786, 20643934.75571191, 20647326.85712096, 20650894.852408126, 20654279.79704239, 20654594.20610935, 20658224.907277294, 20662039.326028522, 20664095.81977999, 20665573.581482675, 20669442.104561705, 20673501.60851909, 20674407.778696023, 20676857.89367825, 20680962.85863283, 20685265.506681968, 20689540.506681968, 20697520.506681968, 20705500.506681968, 20713480.506681968, 20721460.506681968, 20729440.506681968, 20737420.506681968, 20742552.97228932, 20744291.37661915, 20744501.691087697, 20745400.506681968, 20746403.882816855, 20748438.118564095, 20749020.54812668, 20750602.63540204, 20751260.41224801, 20752895.591780346, 20753380.506681968, 20753911.160955805, 20761891.160955805, 20769871.160955805, 20777851.160955805, 20785831.160955805, 20793811.160955805, 20801791.160955805, 20809771.160955805, 20817751.160955805, 20825731.160955805, 20833711.160955805, 20841691.160955805, 20849671.160955805, 20851554.579372313, 20852896.40125047, 20854754.03837941, 20859029.03837941, 20859722.77537663, 20861617.770082016, 20863304.03837941, 20865892.770082016, 20867579.03837941, 20868272.77537663, 20871854.03837941, 20880404.03837941, 20882992.770082016, 20884679.03837941, 20885372.77537663, 20888954.03837941, 20893229.03837941, 20896965.570082955, 20900701.63497367, 20901240.570082955, 20901779.03837941, 20905937.120067578, 20910212.120067578, 20913917.120067578, 20918192.120067578, 20922467.120067578, 20926145.169277456, 20930420.169277456, 20932623.473001137, 20935561.046611577, 20936898.473001137, 20945448.473001137, 20949723.473001137, 20952480.957600832, 20958273.473001137, 20959357.553775065, 20962548.473001137, 20964483.04084438, 20967420.61445482, 20968758.04084438, 20970431.084883265, 20972481.13511917, 20975373.473001137, 20976181.350424737, 20977904.70653976, 20979645.16778924, 20983920.16778924, 20988618.47620985, 20996598.47620985, 21004578.47620985, 21012558.47620985, 21020538.47620985, 21028518.47620985, 21036498.47620985, 21044478.47620985, 21052458.47620985, 21060438.47620985, 21068418.47620985, 21069229.658845346, 21081631.350424737, 21084568.92403518, 21085906.350424737, 21094456.350424737]
END VALUE:
21094456.350424737