25356251.151873976
--- 46.96875 seconds ---
25356251.151873976
Begin time:
2018-12-16 00:23:15

6
55
53
36
42
10
54
13
10
5
19
39
46
23
31
10
46
25
57
12
14
53
34
46
54
51
18
54
27
28
58
2
34
54
10
17
41
44
58
13
37
19
25
51
22
46
25
6
2
33
14
32
8
38
51
55
11
11
35
9
25
4
30
57
52
12
37
25
38
59
24
35
41
32
46
51
43
30
5
15
32
28
39
46
33
57
9
40
30
14
31
8
57
35
35
27
45
6
30
53
End time:
2018-12-17 15:18:13

[25356251.151873976, 25374551.151873976, 25392851.151873976, 25411151.151873976, 25429451.151873976, 25447751.151873976, 25466051.151873976, 25484351.151873976, 25502651.151873976, 25520951.151873976, 25539251.151873976, 25557551.151873976, 25575851.151873976, 25594151.151873976, 25697891.151873976, 25702166.151873976, 25706441.151873976, 25710716.151873976, 25714991.151873976, 25719266.151873976, 25723541.151873976, 25723894.961691, 25727816.151873976, 25729013.62165065, 25732091.151873976, 25734416.767885208, 25736366.151873976, 25739995.018976655, 25740641.151873976, 25777241.151873976, 25781516.151873976, 25785791.151873976, 25790066.151873976, 25794341.151873976, 25798616.151873976, 25802891.151873976, 25807166.151873976, 25811441.151873976, 25815716.151873976, 25819991.151873976, 25824266.151873976, 25825738.615279194, 25833727.944565266, 25843636.156993106, 25844563.74846824, 25881163.74846824, 25885172.596594263, 25885438.74846824, 25889447.596594263, 25889713.74846824, 25893722.596594263, 25893988.74846824, 25897997.596594263, 25898263.74846824, 25902272.596594263, 25902538.74846824, 25906547.596594263, 25906813.74846824, 25910822.596594263, 25911088.74846824, 25915097.596594263, 25915363.74846824, 25919638.74846824, 25923913.74846824, 25928188.74846824, 25936168.74846824, 25986273.582285486, 25990548.582285486, 25991118.582285486, 25994823.582285486, 25995393.582285486, 25999098.582285486, 26003373.582285486, 26007648.582285486, 26010783.582285486, 26015628.582285486, 26023608.582285486, 26031588.582285486, 26039568.582285486, 26047548.582285486, 26065848.582285486, 26084148.582285486, 26102448.582285486, 26120748.582285486, 26121075.263861552, 26129055.263861552, 26137035.263861552, 26145015.263861552, 26148720.263861552, 26156700.263861552, 26156937.035327088, 26157638.81641648, 26158781.47485321, 26160329.13096423, 26160975.263861552, 26161457.816960584, 26162730.879872784, 26164442.026276797, 26165307.733638227, 26166742.69388912, 26168955.263861552, 26176935.263861552, 26181210.263861552, 26185485.263861552, 26189760.263861552, 26194035.263861552, 26198310.263861552, 26202585.263861552, 26206860.263861552, 26211135.263861552, 26215410.263861552, 26219685.263861552, 26223960.263861552, 26224061.991939515, 26224366.487655643, 26228641.487655643, 26229211.487655643, 26232916.487655643, 26233486.487655643, 26236785.263861552, 26237191.487655643, 26241060.263861552, 26241466.487655643, 26249446.487655643, 26257426.487655643, 26265406.487655643, 26273386.487655643, 26281366.487655643, 26289346.487655643, 26297326.487655643, 26305306.487655643, 26313286.487655643, 26321266.487655643, 26329246.487655643, 26333521.487655643, 26334091.487655643, 26337796.487655643, 26338366.487655643, 26342071.487655643, 26342641.487655643, 26346346.487655643, 26350621.487655643, 26354896.487655643, 26359171.487655643, 26363446.487655643, 26367721.487655643, 26422156.487655643, 26447400.263861552, 26447666.415735528, 26447704.07875728, 26459776.487655643, 26467756.487655643, 26475736.487655643, 26483716.487655643, 26487421.487655643, 26491126.487655643, 26494831.487655643, 26495401.487655643, 26499106.487655643, 26499676.487655643, 26503381.487655643, 26503951.487655643, 26507656.487655643, 26508226.487655643, 26511931.487655643, 26512501.487655643, 26520481.487655643, 26528461.487655643, 26536441.487655643, 26544421.487655643, 26552401.487655643, 26560381.487655643, 26568361.487655643, 26568793.090495218, 26569586.866701126, 26573861.866701126, 26578136.866701126, 26582411.866701126, 26586686.866701126, 26590961.866701126, 26591531.866701126, 26595236.866701126, 26595806.866701126, 26599511.866701126, 26600081.866701126, 26603786.866701126, 26611766.866701126, 26614901.866701126, 26618606.866701126, 26619176.866701126, 26622881.866701126, 26626510.733803805, 26627156.866701126, 26631431.866701126, 26635706.866701126, 26639981.866701126, 26644256.866701126, 26648531.866701126, 26652806.866701126, 26657081.866701126, 26664018.582285486, 26676273.582285486, 26684253.582285486, 26688528.582285486, 26692233.582285486, 26696508.582285486, 26700783.582285486, 26704488.582285486, 26708763.582285486, 26713038.582285486, 26716743.582285486, 26721018.582285486, 26724723.582285486, 26725931.15135458, 26729403.582285486, 26738522.899079353, 26754663.758238472, 26755683.582285486, 26759388.582285486, 26759601.80056578, 26766798.582285486, 26767064.734159462, 26774208.582285486, 26774562.39210251, 26778571.240228534, 26782846.240228534, 26787121.240228534, 26787691.240228534, 26791396.240228534, 26795671.240228534, 26799946.240228534, 26804221.240228534, 26804547.9218046, 26808822.9218046, 26809392.9218046, 26813667.9218046, 26817372.9218046, 26825468.08798735, 26825645.904811684, 26829350.904811684, 26833625.904811684, 26837900.904811684, 26842175.904811684, 26849829.223235622, 26850155.904811684, 26857809.223235622, 26858135.904811684, 26865789.223235622, 26866115.904811684, 26873769.223235622, 26874095.904811684, 26881749.223235622, 26882075.904811684, 26889729.223235622, 26890055.904811684, 26897709.223235622, 26898035.904811684, 26905689.223235622, 26906015.904811684, 26913669.223235622, 26913995.904811684, 26921649.223235622, 26921975.904811684, 26929629.223235622, 26929955.904811684, 26937609.223235622, 26937935.904811684, 26945589.223235622, 26945915.904811684, 26953569.223235622, 26953895.904811684, 26961549.223235622, 26961875.904811684, 27001775.904811684, 27006050.904811684, 27014600.904811684, 27023150.904811684, 27027425.904811684, 27031700.904811684, 27035975.904811684, 27040250.904811684, 27044525.904811684, 27045095.904811684, 27053075.904811684, 27057350.904811684, 27058411.236321364, 27061510.738628935, 27065153.12517391, 27069328.568402108, 27069605.904811684, 27072079.321244974, 27074023.35940059, 27078298.35940059, 27082573.35940059, 27086848.35940059, 27091123.35940059, 27092155.944085572, 27095860.944085572, 27100135.944085572, 27104233.127261236, 27108508.127261236, 27112783.127261236, 27112925.46927878, 27113350.61619929, 27114053.052523065, 27115023.97408775, 27115219.227562353, 27116989.227562353, 27125539.227562353, 27133519.227562353, 27137794.227562353, 27142069.227562353, 27150815.072001714, 27154520.072001714, 27161930.072001714, 27162500.072001714, 27166205.072001714, 27170480.072001714, 27174755.072001714, 27179030.072001714, 27179986.098843522, 27181209.557351597, 27182696.29400096, 27184441.3762846, 27185908.054473452, 27186439.17034299, 27189993.918256067, 27194269.39548685, 27198724.848678824, 27212119.848678824, 27220669.848678824, 27228649.848678824, 27237199.848678824, 27241474.848678824, 27245749.848678824, 27253624.848678824, 27262174.848678824, 27270724.848678824, 27279274.848678824, 27287824.848678824, 27296374.848678824, 27300649.848678824, 27304924.848678824, 27309199.848678824, 27313474.848678824, 27317749.848678824, 27322024.848678824, 27326299.848678824, 27330574.848678824, 27334849.848678824, 27339124.848678824, 27343399.848678824, 27347674.848678824, 27351949.848678824, 27356224.848678824, 27360499.848678824]
End value:
27360499.848678824
