2018-12-06 12:20:18
826500.0
830775.0
835050.0
839325.0
843600.0
847875.0
852150.0
856425.0
860700.0
864975.0
869250.0
873525.0
877800.0
882075.0
886350.0
890625.0
894900.0
899175.0
903450.0
907725.0
912000.0
916275.0
920550.0
924825.0
929100.0
933375.0
937650.0
941925.0
946200.0
950475.0
954750.0
959025.0
963300.0
967575.0
971850.0
976125.0
980400.0
984675.0
988950.0
993225.0
997500.0
1001775.0
1006050.0
1010325.0
1014600.0
1018875.0
1023150.0
1027425.0
1031700.0
1035975.0
1040250.0
1044525.0
1048800.0
1053075.0
1057350.0
1061625.0
1065900.0
1070175.0
1074450.0
1078725.0
1083000.0
1087275.0
1091550.0
1095825.0
1100100.0
1104375.0
1108650.0
1112925.0
1117200.0
1121475.0
1125750.0
1130025.0
1134300.0
1138575.0
1142850.0
1147125.0
1151400.0
1155675.0
1159950.0
1164225.0
1168500.0
1172775.0
1177050.0
1181325.0
1185600.0
1189875.0
1194150.0
1198425.0
1202700.0
1206975.0
1211250.0
1215525.0
1219800.0
1224075.0
1228350.0
1232625.0
1236900.0
1241175.0
1245450.0
1249725.0
1254000.0
1258275.0
1262550.0
1266825.0
1271100.0
1275375.0
1279650.0
1283925.0
1288200.0
1292475.0
1296750.0
1301025.0
1305300.0
1309575.0
1313850.0
1318125.0
1318949.9477819738
1319918.3505555787
1320495.2853307717
1322688.0931760587
1324917.711494987
1326437.4266522476
1328687.0953705497
1330974.0160959684
1332467.0093342168
1334773.4850672716
1336257.1472553732
1338582.8474470724
1340057.213974811
1341540.3290978712
1343031.8200166356
1344531.334318225
1346038.538636092
1347553.1174111795
1349074.771746045
1350603.218344146
1352138.1885271943
1353679.427324138
1355226.6926259035
1356779.7544005634
1358338.3939640736
1359902.4033021408
1361471.5844391834
1363045.7488506967
1364624.716915647
1366208.317405816
1367796.387009273
1369388.769885399
1370985.3172490858
1372585.8869819564
1374190.3432686022
1375798.5562560172
1377410.4017345484
1379025.7608388187
1380644.5197671985
1382266.5695185196
1383891.8056448265
1385520.1280190516
1387151.4406165888
1388785.6513098152
1390422.6716746944
1392062.4168086406
1393704.8051589022
1395349.7583607715
1396997.2010849728
1398647.0608936432
1400299.268104342
1401953.7556615889
1403610.4590154432
1405269.3160066935
1406930.2667582377
2018-12-06 12:21:23
1406930.2667582377