2018-12-06 15:34:14
8768897.300778352
8811647.300778352
8859610.294582402
8892923.501946822
8957535.792029526
9320780.420344936
9327565.314574515
9835603.173631689
10084704.098448407
10211004.098448407
10360629.098448407
10500931.808365703
10716512.859057173
10743539.894564621
10835879.894564621
10921379.894564621
11098904.894564621
11175979.89161308
11353549.89161308
11379199.89161308
11441329.89161308
11479804.89161308
11592363.963237124
11675013.963237124
11785308.963237124
11798868.674488328
11822073.963237124
11826348.963237124
11833038.674488328
11851853.581453517
11860403.581453517
11878834.340823397
11887964.734115615
11929837.60772041
11945797.60772041
12071647.60772041
12082010.075869782
12098998.646448195
12166775.772843398
12173642.629884807
12179941.586355552
12186241.211680315
12257435.356326258
12274018.851590523
12286843.851590523
12289744.655949999
12333980.321723318
12426879.9284311
12441047.19104588
12466697.19104588
12479522.19104588
12483797.19104588
12488072.19104588
12501001.483237099
12544700.723867215
12554465.932770586
12558740.932770586
12563015.932770586
12575840.932770586
12597215.932770586
12599636.374848366
12616736.374848366
12672596.374848366
12698977.793884508
2018-12-06 15:34:26
12698977.793884508